41.9983 -124.4009 OR
42.1593 -124.5493
42.6521 -124.5877
42.8115 -124.7305
43.7552 -124.4119
46.0065 -124.2554
46.2924 -124.0212 WA
46.2653 -124.0329
46.2596 -124.2444
46.4312 -124.2691
46.8386 -124.3529
47.1832 -124.4380
47.4689 -124.5616
47.8012 -124.7566
48.0423 -124.8679
48.2457 -124.8679
48.3727 -124.8486
48.4984 -124.7539
48.4096 -124.4174
48.3599 -124.2389
48.2964 -124.0116
48.2795 -123.9141
48.2247 -123.5413
48.2539 -123.3998
48.2841 -123.2501
48.4233 -123.1169
48.4533 -123.1609
48.5548 -123.2220
48.5902 -123.2336
48.6901 -123.2721
48.7675 -123.0084
48.8313 -123.0084
49.0023 -123.3215
49.0023 -123.3208
49.0027 -123.0338
49.0018 -122.0650
48.9973 -121.7491
48.9991 -121.5912
49.0009 -119.6082
49.0005 -118.0378
48.9996 -117.0319
49.0018 -116.0486 ID 1
48.9991 -104.0501 MT
45.0269 -104.0186
45.0153 -104.0186
44.9978 -104.0199
44.9959 -111.0498
44.4750 -111.0512
43.8623 -111.0471 ID 2
42.0013 -111.0471
41.9962 -112.1663
41.9871 -113.8458
41.9942 -114.0422
38.2856 -114.0546 NV
36.1955 -114.0491
36.1334 -114.0985
36.1068 -114.1260
36.0891 -114.1150
36.0313 -114.1534
36.0136 -114.2468
36.0624 -114.3292
36.1024 -114.3237
36.1434 -114.3896
36.1290 -114.5105
36.1467 -114.5215
36.1556 -114.5654
36.1334 -114.6204
36.1157 -114.6863
36.0979 -114.7742
36.0580 -114.7357
36.0447 -114.7522
35.9691 -114.7412
35.8980 -114.7028
35.8757 -114.6588
35.8579 -114.7083
35.8267 -114.6973
35.8089 -114.7192
35.6618 -114.6973
35.6037 -114.6478
35.5814 -114.6863
35.5233 -114.6533
35.5054 -114.6863
35.4070 -114.6149
35.3218 -114.5929
35.1783 -114.5737
35.1199 -114.6094
35.1109 -114.6368
35.0929 -114.6368
35.0750 -114.6039
35.0480 -114.6259
35.0345 -114.6478
35.0030 -114.6423 CA
34.9659 -114.6382
34.9107 -114.6286
34.8758 -114.6382
34.8454 -114.5970
34.7890 -114.5682
34.7269 -114.4968
34.6648 -114.4501
34.6581 -114.4597
34.5869 -114.4322
34.5235 -114.3787
34.4601 -114.3869
34.4500 -114.3361
34.4375 -114.3031
34.4024 -114.2674
34.3559 -114.1864
34.3049 -114.1383
34.2561 -114.1315
34.2595 -114.1651
34.2044 -114.2249
34.1914 -114.2221
34.1720 -114.2908
34.1368 -114.3237
34.1186 -114.3622
34.1118 -114.4089
34.0856 -114.4363
34.0276 -114.4336
34.0117 -114.4652
33.9582 -114.5119
33.9308 -114.5366
33.9058 -114.5091
33.8613 -114.5256
33.8248 -114.5215
33.7597 -114.5050
33.7083 -114.4940
33.6832 -114.5284
33.6363 -114.5242
33.5895 -114.5393
33.5528 -114.5242
33.5311 -114.5586
33.5070 -114.5778
33.4418 -114.6245
33.4142 -114.6506
33.4039 -114.7055
33.3546 -114.6973
33.3041 -114.7302
33.2858 -114.7206
33.2754 -114.6808
33.2582 -114.6698
33.2467 -114.6904
33.1720 -114.6794
33.0904 -114.7083
33.0858 -114.6918
33.0328 -114.6629
33.0501 -114.6451
33.0305 -114.6286
33.0282 -114.5888
33.0351 -114.5750
33.0328 -114.5174
32.9718 -114.4913
32.9764 -114.4775
32.9372 -114.4844
32.8427 -114.4679
32.8161 -114.5091
32.7850 -114.5311
32.7573 -114.5284
32.7503 -114.5641
32.7353 -114.6162
32.7480 -114.6986
32.7191 -114.7220
32.6868 -115.1944
32.5121 -117.3395
32.7838 -117.4823
33.0501 -117.5977
33.2341 -117.6814
33.4578 -118.0591
33.5403 -118.6290
33.7928 -118.7073
33.9582 -119.3706
34.1925 -120.0050
34.2561 -120.7164
34.5360 -120.9128
34.9749 -120.8427
35.2131 -121.1325
35.5255 -121.3220
35.9691 -121.8013
36.2808 -122.1446
36.7268 -122.1721
37.2227 -122.6871
37.7783 -122.8903
37.8965 -123.2378
38.3449 -123.3202
38.7423 -123.8338
38.9946 -123.9793
39.3088 -124.0329
39.7642 -124.0823
40.1663 -124.5314
40.4658 -124.6509
41.0110 -124.3144
41.2386 -124.3419
41.7170 -124.4545
41.9983 -124.4009
41.9983 -124.4009 
