30.9988  -87.6050
30.9964  -86.5613
31.0035  -85.5313
31.0012  -85.1193
31.0023  -85.0012
30.9364  -84.9847
30.8845  -84.9367
30.8409  -84.9271
30.7902  -84.9257
30.7489  -84.9147
30.6993  -84.8611
30.6911  -84.4272
30.6509  -83.5991
30.5895  -82.5595
30.5682  -82.2134
30.5315  -82.2134
30.3883  -82.1997
30.3598  -82.1544
30.3598  -82.0638
30.4877  -82.0226
30.6308  -82.0473
30.6757  -82.0514
30.7111  -82.0377
30.7371  -82.0514
30.7678  -82.0102
30.7914  -82.0322
30.7997  -81.9717
30.8244  -81.9608
30.8056  -81.8893
30.7914  -81.8372
30.7796  -81.7960
30.7536  -81.6696
30.7289  -81.6051
30.7324  -81.5666
30.7229  -81.5295
30.7253  -81.4856
30.7111  -81.4609
30.7088  -81.4169
30.7064  -81.2274
30.4345  -81.2357
30.3160  -81.1725
29.7763  -81.0379
28.8603  -80.5861
28.4771  -80.3650
28.1882  -80.3815
27.1789  -79.9255
26.8425  -79.8198
26.1394  -79.9118
25.5115  -79.9997
24.8802  -80.3815
24.5384  -80.8704
24.3959  -81.9250
24.4496  -82.2066
24.5484  -82.3137
24.6982  -82.1997
25.2112  -81.3977
25.6019  -81.4622
25.9235  -81.9456
26.3439  -82.2876
26.9098  -82.5307
27.3315  -82.8342
27.7565  -83.0182
28.0574  -83.0017
28.6098  -82.8548
28.9697  -83.0264
29.0478  -83.2050
29.4157  -83.5318
29.9133  -83.9767
29.8930  -84.1072
29.6940  -84.4409
29.4551  -85.0465
29.4946  -85.3610
29.7262  -85.5807
30.1594  -86.1946
30.2175  -86.8510
30.1499  -87.5171
30.3006  -87.4429
30.4256  -87.3750
30.4830  -87.3743
30.5658  -87.3907
30.6344  -87.4004
30.6763  -87.4141
30.7702  -87.5253
30.8527  -87.6256
30.9470  -87.5912
30.9682  -87.5912
30.9964  -87.6050
30.9988  -87.6050
