42.5116  -90.6303
42.4954  -87.0241
43.3721  -87.1477
43.6838  -87.1230
44.1694  -86.9911
44.4828  -86.8579
44.8792  -86.6876
45.2343  -86.2523
45.4418  -86.7535
45.4438  -87.1024
45.3531  -87.1724
45.2401  -87.3193
45.1995  -87.4100
45.0784  -87.4443
45.0987  -87.6379
45.2217  -87.6956
45.3367  -87.6462
45.3869  -87.6956
45.3425  -87.8549
45.4813  -87.7945
45.5679  -87.7945
45.6764  -87.7876
45.7934  -87.9936
45.8077  -88.1145
45.8728  -88.0733
45.9521  -88.1982
46.0122  -88.5498
45.9970  -88.7036
46.0380  -88.8451
46.1389  -89.0909
46.3412  -90.1195
46.5664  -90.4147
47.2876  -89.9615
47.3100  -90.6578
46.7079  -92.0352
46.5928  -92.2948
46.0761  -92.2975
46.0132  -92.3579
45.9769  -92.5227
45.8135  -92.7466
45.6140  -92.8564
45.5477  -92.7754
45.4293  -92.6587
45.3029  -92.7136
44.9648  -92.7466
44.7877  -92.7686
44.6530  -92.6422
44.5504  -92.3552
44.4652  -92.2632
44.4024  -92.0654
44.2580  -91.8745
44.0600  -91.6383
43.9612  -91.4941
43.8296  -91.3184
43.6440  -91.2524
43.5167  -91.2305
43.3342  -91.2085
43.2932  -91.0547
43.1651  -91.1865
43.0257  -91.1536
42.9082  -91.1426
42.7692  -91.0547
42.6915  -90.7910
42.6340  -90.7031
42.5096  -90.6303
42.5116  -90.6303
