34.9884  -84.3201 TN
34.9996  -90.3131
35.1233  -90.2843
35.1379  -90.1758
35.1985  -90.1112
35.2849  -90.1524
35.4372  -90.1346
35.5568  -90.0192
35.7343  -89.9547
35.8579  -89.7638
35.9180  -89.6635
35.9947  -89.7130
36.0902  -89.6759
36.1279  -89.5894
36.1856  -89.6484
36.2343  -89.7006
36.2531  -89.5331
36.2996  -89.6210
36.3494  -89.5784
36.3406  -89.5180
36.4964  -89.5345
36.5107  -89.3051
36.4986  -88.1667
36.4997  -88.0692
36.6871  -88.0637
36.6739  -88.0678
36.6354  -87.8522
36.6023  -83.6787
36.5946  -81.9402
36.6144  -81.9209
36.6111  -81.6518
36.5880  -81.6724 NC 1
36.5659  -80.7234
36.5438  -80.2977
36.5449  -79.6729
36.5449  -77.2559
36.5505  -75.7562
36.3129  -75.7068
35.7131  -75.4129
35.2041  -75.4720
34.9794  -76.0748
34.5258  -76.4951
34.5880  -76.8109
34.5314  -77.1378
34.3910  -77.4481
34.0481  -77.7983
33.7666  -77.9260
33.7963  -78.4863
33.7963  -78.4850
33.7951  -78.4836 SC
33.6489  -78.7871
33.2019  -79.0837
32.7607  -79.4476
32.5225  -79.8116
32.3556  -80.1508
32.2012  -80.4240
32.0500  -80.7001
32.0488  -80.7001
32.0453  -80.8978
32.1105  -81.1134
32.2058  -81.1423
32.3846  -81.1821
32.4576  -81.1986
32.5283  -81.2769
32.5838  -81.4087
32.6926  -81.4183
32.8242  -81.4746
32.9465  -81.5117
33.0098  -81.5034
33.0777  -81.6010
33.1238  -81.7122
33.2065  -81.8289
33.3443  -81.9319
33.4830  -82.0280
33.5860  -82.1475
33.6878  -82.2437
33.7609  -82.2437
33.8305  -82.3576
33.9308  -82.5018
33.9650  -82.5471
34.0947  -82.6625
34.1664  -82.7216
34.3434  -82.7930
34.4647  -82.8905
34.4760  -82.9893
34.5281  -83.0855
34.6581  -83.3121
34.7326  -83.3588
34.8318  -83.2983
34.9276  -83.1459
34.9996  -83.1047
34.9996  -83.1075 NC 2
34.9918  -83.6183
34.9918  -84.3201
34.9884  -84.3201 
