41.3583  -74.7084 NY 1
41.3811  -74.7101
41.4386  -74.8265
41.5075  -74.9913
41.6000  -75.0668
41.6719  -75.0366
41.7672  -75.0545
41.8808  -75.1945
42.0013  -75.3552
42.0003  -75.4266
42.0013  -77.0306
41.9993  -79.7250
42.0003  -79.7621
42.1827  -79.7621
42.5146  -79.7621
42.5142  -79.7624
42.7783  -79.0672
42.8508  -78.9313
42.9061  -78.9024
42.9554  -78.9313
42.9584  -78.9656
42.9886  -79.0219
43.0568  -79.0027
43.0769  -79.0727
43.1220  -79.0713
43.1441  -79.0302
43.1801  -79.0576
43.2482  -79.0604
43.2812  -79.0837
43.4509  -79.2004
43.6311  -78.6909
43.6321  -76.7958
43.9987  -76.4978
44.0965  -76.4388
44.1349  -76.3536
44.1989  -76.3124
44.2049  -76.2437
44.2413  -76.1655
44.2973  -76.1353
44.3327  -76.0474
44.3553  -75.9856
44.3749  -75.9196
44.3994  -75.8730
44.4308  -75.8221
44.4740  -75.8098
44.5425  -75.7288
44.6647  -75.5585
44.7672  -75.4088
44.8101  -75.3442
44.8383  -75.3058
44.8676  -75.2399
44.9211  -75.1204
44.9609  -74.9995
44.9803  -74.9899
44.9852  -74.9103
45.0017  -74.8856
45.0153  -74.8306
45.0046  -74.7633
45.0027  -74.7070
45.0007  -74.5642
44.9920  -74.1467
45.0037  -73.7306
45.0085  -73.4203
45.0109  -73.3430
45.0104  -73.3427 VT
45.0134  -73.1827
45.0153  -72.7432
45.0134  -72.6100
45.0075  -72.5551
45.0090  -72.4562
45.0037  -72.3113
45.0066  -72.0964
45.0070  -71.9131
45.0138  -71.5636
45.0138  -71.5059
45.0153  -71.5045 NH 1
45.0532  -71.4977
45.0910  -71.4619
45.1520  -71.4276
45.2043  -71.3960
45.2362  -71.4455
45.2372  -71.3878
45.2710  -71.3617
45.3029  -71.2834
45.2507  -71.2299
45.2391  -71.1818
45.2478  -71.1584
45.2469  -71.1337
45.2846  -71.1145
45.3058  -71.0843
45.3029  -71.0829 ME
45.3425  -71.0129
45.3328  -70.9525
45.2294  -70.8618
45.3917  -70.8247
45.4274  -70.7808
45.3830  -70.6380
45.5092  -70.7190
45.6544  -70.5721
45.7292  -70.3894
45.7924  -70.4169
45.9368  -70.2493
45.9597  -70.3098
46.0923  -70.2946
46.0989  -70.2589
46.1342  -70.2466
46.1903  -70.2905
46.2710  -70.2466
46.3270  -70.2040
46.4151  -70.0571
46.6956  -69.9994
47.4550  -69.2303
47.4132  -69.0381
47.2578  -69.0504
47.1748  -68.8843
47.2643  -68.6206
47.3546  -68.3350
47.3165  -68.1564
47.1038  -67.8804
47.0664  -67.7898
45.9359  -67.7802
45.9177  -67.7527
45.7599  -67.8090
45.6208  -67.6524
45.5987  -67.4533
45.5044  -67.4176
45.4823  -67.5014
45.3714  -67.4231
45.2768  -67.4863
45.1297  -67.3434
45.1830  -67.2487
45.1230  -67.1223
44.8315  -66.9672
44.7409  -66.8628
44.4945  -67.3105
44.3268  -67.9051
43.8702  -68.6673
43.7274  -68.8431
43.6639  -69.7137
43.5625  -70.0818
43.0600  -70.7000
43.0498  -70.6970 NH 2
42.9222  -70.8000
42.8760  -70.8100
42.8760  -70.8100 MA
42.8286  -70.4759
42.6420  -70.3647
42.4133  -70.6984
42.2173  -70.5144
42.1939  -70.0337
41.8133  -69.7398
41.3201  -69.7948
41.1662  -69.9225
41.1590  -70.8316
41.3149  -71.0266
41.4973  -71.1214
41.3706  -71.0568 RI
41.2665  -71.4084
41.1849  -71.7915
41.3057  -71.9041
41.3315  -71.8520
41.3005  -71.9714 NY 2
41.3108  -71.9193
41.1838  -71.7915
41.1249  -71.7929
41.0462  -71.7517
40.6306  -72.9465
40.5368  -73.4628
40.4887  -73.8885
40.5232  -73.9490
40.4772  -74.2271
40.4861  -74.2532
40.4877  -74.2552 NJ
40.4762  -74.2264
40.5253  -73.9503
40.4846  -73.8885
40.0045  -73.9352
39.6131  -74.0410
39.4744  -74.2209
38.9882  -74.6713
38.8664  -74.8553
38.8472  -75.0476
39.0565  -75.1685
39.2525  -75.3250
39.4500  -75.5544
39.4966  -75.5612
39.4998  -75.5283
39.5411  -75.5338
39.5761  -75.5090
39.6237  -75.5708
39.6713  -75.5104
39.7167  -75.4843
39.8033  -75.4156
39.8360  -75.2632
39.8823  -75.1918
40.1180  -74.7922
40.1390  -74.7331
40.2565  -74.8485
40.3361  -74.9419
40.4020  -74.9721
40.4240  -75.0627
40.4898  -75.0613
40.5733  -75.1067
40.5639  -75.2138
40.6192  -75.2028
40.6494  -75.2069
40.8284  -75.0806
40.8429  -75.0998
40.8689  -75.0504
40.9913  -75.1369
41.2293  -74.8677
41.3479  -74.7537
41.3469  -74.7249
41.3593  -74.6960
41.3572  -74.6950
41.3583  -74.7084 
